355
175
296
295
226
95
151
28
645
71
251
40
38
29
24
22
26
22
89
178
60
92
121
103
58
24
42
158
31
58
24
40
296
101
102
120
144
86
35
218
173
127
93
22
44
226
143
6
27
5
73
47
153
804
93
102
464
163
228
50
39
125
61
120
181
262
374
273
355
198
63
89
40
92
404
207
78
38
36
38
162
63
76
28
68
84
58
37
58
24
55
55
28
34
103
52
28
28
40
80
46
73
48
226
66
303
58
52
38
38
46
131
31
30
79
330
110
714
164
178
511
231
31
33
259
150
29
40
358
41
36
35
402
9
177
137
104
268
37
56
72
53
79
96
177
26
211
30
69
46
106
54
137
256
31
52
94
251
303
65
36
30
73
126
37
68
24
56
147
157
62
33
25
53
87
58
14
13
5
14
16
6
21
19
117
31
85
26
297
46
308
82
227
287
1163
162
244
28
46
208
48
92
29
133
304
395
162
165
245
115
68
147
642
69
37
56
80
73
75
83
450
347
58
231
78
231
107
204
27
156
23
370
33
11
566
131
106
40
162
50
313
285
37
409
98
562
51
139
90
109
54
74
77
108
64
549
169
48
21
25
23
23
18
46
45
25
68
150
360
729
114
60
184
13
41
122
133
86
83
374
120
186
36
127
88
521
36
26
32
23
26
33
32
116
30
40
28
78
30
74
63
646
277
1019
203
329
91
160
51
33
28
43
51
67
55
183
146
134
157
156
128
167
55
30
171
119
189
26
59
146
47
98
246
403
163
148
112
105
83
85
261
87
349
83
61
193
173
24
137
38
100
55
37
116
80
39
15
28
22
40
27
46
30
37
22
24
42
131
23
157
67
48
35
179
338
63
162
63
66
18
13
50
49
239
138
13
40
39
25
25
32
41
33
113
32
61
184
89
6
38
232
358
99
28
93
119
106
75
136
69
342
32
56
720
1158
228
181
126
892
354
158
31
15
22
78
31
24
53
28
15
21
24
26
33
29
60
24
122
35
69
42
21
53
37
40
124
40
84
55
52
91
32
61
227
63
47
37
46
15
11
24
173
64
101
95
67
58
37
123
31
16
102
226
188
438
632
16
9
8
8
7
10
11
95
140
88
317
92
84
123
103
95
45
39
50
24
12
40
41
29
240
165
72
59
239
64
88
16
14
32
45
156
102
99
181
68
82
140
81
25
55
75
80
120
172
35
91
31
83
27
65
76
88
45
45
44
67
64
22
98
54
110
193
82
80
55
75
118
153
168
92
570
364
